ASA benchmark case 1
1
25.
1,500
5,5
          8
  0.4000000    
   190.0000      0.0000000E+00  0.0000000E+00
  0.0000000E+00   1500.000    
   190.0000       1500.000    
  0.0000000E+00
  9.9999997E-06  0.0000000E+00   10000.00    
  0.0000000E+00  0.0000000E+00
  0.4000000    
   170.0000      0.0000000E+00  0.0000000E+00
  0.0000000E+00   1500.000    
   170.0000       1500.000    
  0.0000000E+00
  9.9999997E-06  0.0000000E+00   10000.00    
  0.0000000E+00  0.0000000E+00
  0.4000000    
   150.0000      0.0000000E+00  0.0000000E+00
  0.0000000E+00   1500.000    
   150.0000       1500.000    
  0.0000000E+00
  9.9999997E-06  0.0000000E+00   10000.00    
  0.0000000E+00  0.0000000E+00
  0.4000000    
   130.0000      0.0000000E+00  0.0000000E+00
  0.0000000E+00   1500.000    
   130.0000       1500.000    
  0.0000000E+00
  9.9999997E-06  0.0000000E+00   10000.00    
  0.0000000E+00  0.0000000E+00
  0.4000000    
   110.0000      0.0000000E+00  0.0000000E+00
  0.0000000E+00   1500.000    
   110.0000       1500.000    
  0.0000000E+00
  9.9999997E-06  0.0000000E+00   10000.00    
  0.0000000E+00  0.0000000E+00
  0.4000000    
   90.00000      0.0000000E+00  0.0000000E+00
  0.0000000E+00   1500.000    
   90.00000       1500.000    
  0.0000000E+00
  9.9999997E-06  0.0000000E+00   10000.00    
  0.0000000E+00  0.0000000E+00
  0.4000000    
   70.00000      0.0000000E+00  0.0000000E+00
  0.0000000E+00   1500.000    
   70.00000       1500.000    
  0.0000000E+00
  9.9999997E-06  0.0000000E+00   10000.00    
  0.0000000E+00  0.0000000E+00
  0.4000000    
   50.00000      0.0000000E+00  0.0000000E+00
  0.0000000E+00   1500.000    
   50.00000       1500.000    
  0.0000000E+00
  9.9999997E-06  0.0000000E+00   10000.00    
  0.0000000E+00  0.0000000E+00
TLRAN,COH,PLT,PLA
XAXIS 0. 4. 20. 1.
YAXIS 0. 50. 12.5 1.
0.02 3.0 0.02
100. 30.
@EOF
