ASA benchmark case 1. 100 sect.
1
25.
1,500
5,5
          84
  3.9999999E-02
   199.0000      0.0000000E+00  0.0000000E+00
  0.0000000E+00   1500.000    
   199.0000       1500.000    
  0.0000000E+00
  9.9999997E-06  0.0000000E+00   10000.00    
  0.0000000E+00  0.0000000E+00
  3.9999999E-02
   197.0000      0.0000000E+00  0.0000000E+00
  0.0000000E+00   1500.000    
   197.0000       1500.000    
  0.0000000E+00
  9.9999997E-06  0.0000000E+00   10000.00    
  0.0000000E+00  0.0000000E+00
  3.9999999E-02
   195.0000      0.0000000E+00  0.0000000E+00
  0.0000000E+00   1500.000    
   195.0000       1500.000    
  0.0000000E+00
  9.9999997E-06  0.0000000E+00   10000.00    
  0.0000000E+00  0.0000000E+00
  3.9999999E-02
   193.0000      0.0000000E+00  0.0000000E+00
  0.0000000E+00   1500.000    
   193.0000       1500.000    
  0.0000000E+00
  9.9999997E-06  0.0000000E+00   10000.00    
  0.0000000E+00  0.0000000E+00
  3.9999999E-02
   191.0000      0.0000000E+00  0.0000000E+00
  0.0000000E+00   1500.000    
   191.0000       1500.000    
  0.0000000E+00
  9.9999997E-06  0.0000000E+00   10000.00    
  0.0000000E+00  0.0000000E+00
  3.9999999E-02
   189.0000      0.0000000E+00  0.0000000E+00
  0.0000000E+00   1500.000    
   189.0000       1500.000    
  0.0000000E+00
  9.9999997E-06  0.0000000E+00   10000.00    
  0.0000000E+00  0.0000000E+00
  3.9999999E-02
   187.0000      0.0000000E+00  0.0000000E+00
  0.0000000E+00   1500.000    
   187.0000       1500.000    
  0.0000000E+00
  9.9999997E-06  0.0000000E+00   10000.00    
  0.0000000E+00  0.0000000E+00
  3.9999999E-02
   185.0000      0.0000000E+00  0.0000000E+00
  0.0000000E+00   1500.000    
   185.0000       1500.000    
  0.0000000E+00
  9.9999997E-06  0.0000000E+00   10000.00    
  0.0000000E+00  0.0000000E+00
  3.9999999E-02
   183.0000      0.0000000E+00  0.0000000E+00
  0.0000000E+00   1500.000    
   183.0000       1500.000    
  0.0000000E+00
  9.9999997E-06  0.0000000E+00   10000.00    
  0.0000000E+00  0.0000000E+00
  3.9999999E-02
   181.0000      0.0000000E+00  0.0000000E+00
  0.0000000E+00   1500.000    
   181.0000       1500.000    
  0.0000000E+00
  9.9999997E-06  0.0000000E+00   10000.00    
  0.0000000E+00  0.0000000E+00
  3.9999999E-02
   179.0000      0.0000000E+00  0.0000000E+00
  0.0000000E+00   1500.000    
   179.0000       1500.000    
  0.0000000E+00
  9.9999997E-06  0.0000000E+00   10000.00    
  0.0000000E+00  0.0000000E+00
  3.9999999E-02
   177.0000      0.0000000E+00  0.0000000E+00
  0.0000000E+00   1500.000    
   177.0000       1500.000    
  0.0000000E+00
  9.9999997E-06  0.0000000E+00   10000.00    
  0.0000000E+00  0.0000000E+00
  3.9999999E-02
   175.0000      0.0000000E+00  0.0000000E+00
  0.0000000E+00   1500.000    
   175.0000       1500.000    
  0.0000000E+00
  9.9999997E-06  0.0000000E+00   10000.00    
  0.0000000E+00  0.0000000E+00
  3.9999999E-02
   173.0000      0.0000000E+00  0.0000000E+00
  0.0000000E+00   1500.000    
   173.0000       1500.000    
  0.0000000E+00
  9.9999997E-06  0.0000000E+00   10000.00    
  0.0000000E+00  0.0000000E+00
  3.9999999E-02
   171.0000      0.0000000E+00  0.0000000E+00
  0.0000000E+00   1500.000    
   171.0000       1500.000    
  0.0000000E+00
  9.9999997E-06  0.0000000E+00   10000.00    
  0.0000000E+00  0.0000000E+00
  3.9999999E-02
   169.0000      0.0000000E+00  0.0000000E+00
  0.0000000E+00   1500.000    
   169.0000       1500.000    
  0.0000000E+00
  9.9999997E-06  0.0000000E+00   10000.00    
  0.0000000E+00  0.0000000E+00
  3.9999999E-02
   167.0000      0.0000000E+00  0.0000000E+00
  0.0000000E+00   1500.000    
   167.0000       1500.000    
  0.0000000E+00
  9.9999997E-06  0.0000000E+00   10000.00    
  0.0000000E+00  0.0000000E+00
  3.9999999E-02
   165.0000      0.0000000E+00  0.0000000E+00
  0.0000000E+00   1500.000    
   165.0000       1500.000    
  0.0000000E+00
  9.9999997E-06  0.0000000E+00   10000.00    
  0.0000000E+00  0.0000000E+00
  3.9999999E-02
   163.0000      0.0000000E+00  0.0000000E+00
  0.0000000E+00   1500.000    
   163.0000       1500.000    
  0.0000000E+00
  9.9999997E-06  0.0000000E+00   10000.00    
  0.0000000E+00  0.0000000E+00
  3.9999999E-02
   161.0000      0.0000000E+00  0.0000000E+00
  0.0000000E+00   1500.000    
   161.0000       1500.000    
  0.0000000E+00
  9.9999997E-06  0.0000000E+00   10000.00    
  0.0000000E+00  0.0000000E+00
  3.9999999E-02
   159.0000      0.0000000E+00  0.0000000E+00
  0.0000000E+00   1500.000    
   159.0000       1500.000    
  0.0000000E+00
  9.9999997E-06  0.0000000E+00   10000.00    
  0.0000000E+00  0.0000000E+00
  3.9999999E-02
   157.0000      0.0000000E+00  0.0000000E+00
  0.0000000E+00   1500.000    
   157.0000       1500.000    
  0.0000000E+00
  9.9999997E-06  0.0000000E+00   10000.00    
  0.0000000E+00  0.0000000E+00
  3.9999999E-02
   155.0000      0.0000000E+00  0.0000000E+00
  0.0000000E+00   1500.000    
   155.0000       1500.000    
  0.0000000E+00
  9.9999997E-06  0.0000000E+00   10000.00    
  0.0000000E+00  0.0000000E+00
  3.9999999E-02
   153.0000      0.0000000E+00  0.0000000E+00
  0.0000000E+00   1500.000    
   153.0000       1500.000    
  0.0000000E+00
  9.9999997E-06  0.0000000E+00   10000.00    
  0.0000000E+00  0.0000000E+00
  3.9999999E-02
   151.0000      0.0000000E+00  0.0000000E+00
  0.0000000E+00   1500.000    
   151.0000       1500.000    
  0.0000000E+00
  9.9999997E-06  0.0000000E+00   10000.00    
  0.0000000E+00  0.0000000E+00
  3.9999999E-02
   149.0000      0.0000000E+00  0.0000000E+00
  0.0000000E+00   1500.000    
   149.0000       1500.000    
  0.0000000E+00
  9.9999997E-06  0.0000000E+00   10000.00    
  0.0000000E+00  0.0000000E+00
  3.9999999E-02
   147.0000      0.0000000E+00  0.0000000E+00
  0.0000000E+00   1500.000    
   147.0000       1500.000    
  0.0000000E+00
  9.9999997E-06  0.0000000E+00   10000.00    
  0.0000000E+00  0.0000000E+00
  3.9999999E-02
   145.0000      0.0000000E+00  0.0000000E+00
  0.0000000E+00   1500.000    
   145.0000       1500.000    
  0.0000000E+00
  9.9999997E-06  0.0000000E+00   10000.00    
  0.0000000E+00  0.0000000E+00
  3.9999999E-02
   143.0000      0.0000000E+00  0.0000000E+00
  0.0000000E+00   1500.000    
   143.0000       1500.000    
  0.0000000E+00
  9.9999997E-06  0.0000000E+00   10000.00    
  0.0000000E+00  0.0000000E+00
  3.9999999E-02
   141.0000      0.0000000E+00  0.0000000E+00
  0.0000000E+00   1500.000    
   141.0000       1500.000    
  0.0000000E+00
  9.9999997E-06  0.0000000E+00   10000.00    
  0.0000000E+00  0.0000000E+00
  3.9999999E-02
   139.0000      0.0000000E+00  0.0000000E+00
  0.0000000E+00   1500.000    
   139.0000       1500.000    
  0.0000000E+00
  9.9999997E-06  0.0000000E+00   10000.00    
  0.0000000E+00  0.0000000E+00
  3.9999999E-02
   137.0000      0.0000000E+00  0.0000000E+00
  0.0000000E+00   1500.000    
   137.0000       1500.000    
  0.0000000E+00
  9.9999997E-06  0.0000000E+00   10000.00    
  0.0000000E+00  0.0000000E+00
  3.9999999E-02
   135.0000      0.0000000E+00  0.0000000E+00
  0.0000000E+00   1500.000    
   135.0000       1500.000    
  0.0000000E+00
  9.9999997E-06  0.0000000E+00   10000.00    
  0.0000000E+00  0.0000000E+00
  3.9999999E-02
   133.0000      0.0000000E+00  0.0000000E+00
  0.0000000E+00   1500.000    
   133.0000       1500.000    
  0.0000000E+00
  9.9999997E-06  0.0000000E+00   10000.00    
  0.0000000E+00  0.0000000E+00
  3.9999999E-02
   131.0000      0.0000000E+00  0.0000000E+00
  0.0000000E+00   1500.000    
   131.0000       1500.000    
  0.0000000E+00
  9.9999997E-06  0.0000000E+00   10000.00    
  0.0000000E+00  0.0000000E+00
  3.9999999E-02
   129.0000      0.0000000E+00  0.0000000E+00
  0.0000000E+00   1500.000    
   129.0000       1500.000    
  0.0000000E+00
  9.9999997E-06  0.0000000E+00   10000.00    
  0.0000000E+00  0.0000000E+00
  3.9999999E-02
   127.0000      0.0000000E+00  0.0000000E+00
  0.0000000E+00   1500.000    
   127.0000       1500.000    
  0.0000000E+00
  9.9999997E-06  0.0000000E+00   10000.00    
  0.0000000E+00  0.0000000E+00
  3.9999999E-02
   125.0000      0.0000000E+00  0.0000000E+00
  0.0000000E+00   1500.000    
   125.0000       1500.000    
  0.0000000E+00
  9.9999997E-06  0.0000000E+00   10000.00    
  0.0000000E+00  0.0000000E+00
  3.9999999E-02
   123.0000      0.0000000E+00  0.0000000E+00
  0.0000000E+00   1500.000    
   123.0000       1500.000    
  0.0000000E+00
  9.9999997E-06  0.0000000E+00   10000.00    
  0.0000000E+00  0.0000000E+00
  3.9999999E-02
   121.0000      0.0000000E+00  0.0000000E+00
  0.0000000E+00   1500.000    
   121.0000       1500.000    
  0.0000000E+00
  9.9999997E-06  0.0000000E+00   10000.00    
  0.0000000E+00  0.0000000E+00
  3.9999999E-02
   119.0000      0.0000000E+00  0.0000000E+00
  0.0000000E+00   1500.000    
   119.0000       1500.000    
  0.0000000E+00
  9.9999997E-06  0.0000000E+00   10000.00    
  0.0000000E+00  0.0000000E+00
  3.9999999E-02
   117.0000      0.0000000E+00  0.0000000E+00
  0.0000000E+00   1500.000    
   117.0000       1500.000    
  0.0000000E+00
  9.9999997E-06  0.0000000E+00   10000.00    
  0.0000000E+00  0.0000000E+00
  3.9999999E-02
   115.0000      0.0000000E+00  0.0000000E+00
  0.0000000E+00   1500.000    
   115.0000       1500.000    
  0.0000000E+00
  9.9999997E-06  0.0000000E+00   10000.00    
  0.0000000E+00  0.0000000E+00
  3.9999999E-02
   113.0000      0.0000000E+00  0.0000000E+00
  0.0000000E+00   1500.000    
   113.0000       1500.000    
  0.0000000E+00
  9.9999997E-06  0.0000000E+00   10000.00    
  0.0000000E+00  0.0000000E+00
  3.9999999E-02
   111.0000      0.0000000E+00  0.0000000E+00
  0.0000000E+00   1500.000    
   111.0000       1500.000    
  0.0000000E+00
  9.9999997E-06  0.0000000E+00   10000.00    
  0.0000000E+00  0.0000000E+00
  3.9999999E-02
   109.0000      0.0000000E+00  0.0000000E+00
  0.0000000E+00   1500.000    
   109.0000       1500.000    
  0.0000000E+00
  9.9999997E-06  0.0000000E+00   10000.00    
  0.0000000E+00  0.0000000E+00
  3.9999999E-02
   107.0000      0.0000000E+00  0.0000000E+00
  0.0000000E+00   1500.000    
   107.0000       1500.000    
  0.0000000E+00
  9.9999997E-06  0.0000000E+00   10000.00    
  0.0000000E+00  0.0000000E+00
  3.9999999E-02
   105.0000      0.0000000E+00  0.0000000E+00
  0.0000000E+00   1500.000    
   105.0000       1500.000    
  0.0000000E+00
  9.9999997E-06  0.0000000E+00   10000.00    
  0.0000000E+00  0.0000000E+00
  3.9999999E-02
   103.0000      0.0000000E+00  0.0000000E+00
  0.0000000E+00   1500.000    
   103.0000       1500.000    
  0.0000000E+00
  9.9999997E-06  0.0000000E+00   10000.00    
  0.0000000E+00  0.0000000E+00
  3.9999999E-02
   101.0000      0.0000000E+00  0.0000000E+00
  0.0000000E+00   1500.000    
   101.0000       1500.000    
  0.0000000E+00
  9.9999997E-06  0.0000000E+00   10000.00    
  0.0000000E+00  0.0000000E+00
  3.9999999E-02
   99.00000      0.0000000E+00  0.0000000E+00
  0.0000000E+00   1500.000    
   99.00000       1500.000    
  0.0000000E+00
  9.9999997E-06  0.0000000E+00   10000.00    
  0.0000000E+00  0.0000000E+00
  3.9999999E-02
   97.00000      0.0000000E+00  0.0000000E+00
  0.0000000E+00   1500.000    
   97.00000       1500.000    
  0.0000000E+00
  9.9999997E-06  0.0000000E+00   10000.00    
  0.0000000E+00  0.0000000E+00
  3.9999999E-02
   95.00000      0.0000000E+00  0.0000000E+00
  0.0000000E+00   1500.000    
   95.00000       1500.000    
  0.0000000E+00
  9.9999997E-06  0.0000000E+00   10000.00    
  0.0000000E+00  0.0000000E+00
  3.9999999E-02
   93.00000      0.0000000E+00  0.0000000E+00
  0.0000000E+00   1500.000    
   93.00000       1500.000    
  0.0000000E+00
  9.9999997E-06  0.0000000E+00   10000.00    
  0.0000000E+00  0.0000000E+00
  3.9999999E-02
   91.00000      0.0000000E+00  0.0000000E+00
  0.0000000E+00   1500.000    
   91.00000       1500.000    
  0.0000000E+00
  9.9999997E-06  0.0000000E+00   10000.00    
  0.0000000E+00  0.0000000E+00
  3.9999999E-02
   89.00000      0.0000000E+00  0.0000000E+00
  0.0000000E+00   1500.000    
   89.00000       1500.000    
  0.0000000E+00
  9.9999997E-06  0.0000000E+00   10000.00    
  0.0000000E+00  0.0000000E+00
  3.9999999E-02
   87.00000      0.0000000E+00  0.0000000E+00
  0.0000000E+00   1500.000    
   87.00000       1500.000    
  0.0000000E+00
  9.9999997E-06  0.0000000E+00   10000.00    
  0.0000000E+00  0.0000000E+00
  3.9999999E-02
   85.00000      0.0000000E+00  0.0000000E+00
  0.0000000E+00   1500.000    
   85.00000       1500.000    
  0.0000000E+00
  9.9999997E-06  0.0000000E+00   10000.00    
  0.0000000E+00  0.0000000E+00
  3.9999999E-02
   83.00000      0.0000000E+00  0.0000000E+00
  0.0000000E+00   1500.000    
   83.00000       1500.000    
  0.0000000E+00
  9.9999997E-06  0.0000000E+00   10000.00    
  0.0000000E+00  0.0000000E+00
  3.9999999E-02
   81.00000      0.0000000E+00  0.0000000E+00
  0.0000000E+00   1500.000    
   81.00000       1500.000    
  0.0000000E+00
  9.9999997E-06  0.0000000E+00   10000.00    
  0.0000000E+00  0.0000000E+00
  3.9999999E-02
   79.00000      0.0000000E+00  0.0000000E+00
  0.0000000E+00   1500.000    
   79.00000       1500.000    
  0.0000000E+00
  9.9999997E-06  0.0000000E+00   10000.00    
  0.0000000E+00  0.0000000E+00
  3.9999999E-02
   77.00000      0.0000000E+00  0.0000000E+00
  0.0000000E+00   1500.000    
   77.00000       1500.000    
  0.0000000E+00
  9.9999997E-06  0.0000000E+00   10000.00    
  0.0000000E+00  0.0000000E+00
  3.9999999E-02
   75.00000      0.0000000E+00  0.0000000E+00
  0.0000000E+00   1500.000    
   75.00000       1500.000    
  0.0000000E+00
  9.9999997E-06  0.0000000E+00   10000.00    
  0.0000000E+00  0.0000000E+00
  3.9999999E-02
   73.00000      0.0000000E+00  0.0000000E+00
  0.0000000E+00   1500.000    
   73.00000       1500.000    
  0.0000000E+00
  9.9999997E-06  0.0000000E+00   10000.00    
  0.0000000E+00  0.0000000E+00
  3.9999999E-02
   71.00000      0.0000000E+00  0.0000000E+00
  0.0000000E+00   1500.000    
   71.00000       1500.000    
  0.0000000E+00
  9.9999997E-06  0.0000000E+00   10000.00    
  0.0000000E+00  0.0000000E+00
  3.9999999E-02
   69.00000      0.0000000E+00  0.0000000E+00
  0.0000000E+00   1500.000    
   69.00000       1500.000    
  0.0000000E+00
  9.9999997E-06  0.0000000E+00   10000.00    
  0.0000000E+00  0.0000000E+00
  3.9999999E-02
   67.00000      0.0000000E+00  0.0000000E+00
  0.0000000E+00   1500.000    
   67.00000       1500.000    
  0.0000000E+00
  9.9999997E-06  0.0000000E+00   10000.00    
  0.0000000E+00  0.0000000E+00
  3.9999999E-02
   65.00000      0.0000000E+00  0.0000000E+00
  0.0000000E+00   1500.000    
   65.00000       1500.000    
  0.0000000E+00
  9.9999997E-06  0.0000000E+00   10000.00    
  0.0000000E+00  0.0000000E+00
  3.9999999E-02
   63.00000      0.0000000E+00  0.0000000E+00
  0.0000000E+00   1500.000    
   63.00000       1500.000    
  0.0000000E+00
  9.9999997E-06  0.0000000E+00   10000.00    
  0.0000000E+00  0.0000000E+00
  3.9999999E-02
   61.00000      0.0000000E+00  0.0000000E+00
  0.0000000E+00   1500.000    
   61.00000       1500.000    
  0.0000000E+00
  9.9999997E-06  0.0000000E+00   10000.00    
  0.0000000E+00  0.0000000E+00
  3.9999999E-02
   59.00000      0.0000000E+00  0.0000000E+00
  0.0000000E+00   1500.000    
   59.00000       1500.000    
  0.0000000E+00
  9.9999997E-06  0.0000000E+00   10000.00    
  0.0000000E+00  0.0000000E+00
  3.9999999E-02
   57.00000      0.0000000E+00  0.0000000E+00
  0.0000000E+00   1500.000    
   57.00000       1500.000    
  0.0000000E+00
  9.9999997E-06  0.0000000E+00   10000.00    
  0.0000000E+00  0.0000000E+00
  3.9999999E-02
   55.00000      0.0000000E+00  0.0000000E+00
  0.0000000E+00   1500.000    
   55.00000       1500.000    
  0.0000000E+00
  9.9999997E-06  0.0000000E+00   10000.00    
  0.0000000E+00  0.0000000E+00
  3.9999999E-02
   53.00000      0.0000000E+00  0.0000000E+00
  0.0000000E+00   1500.000    
   53.00000       1500.000    
  0.0000000E+00
  9.9999997E-06  0.0000000E+00   10000.00    
  0.0000000E+00  0.0000000E+00
  3.9999999E-02
   51.00000      0.0000000E+00  0.0000000E+00
  0.0000000E+00   1500.000    
   51.00000       1500.000    
  0.0000000E+00
  9.9999997E-06  0.0000000E+00   10000.00    
  0.0000000E+00  0.0000000E+00
  3.9999999E-02
   49.00000      0.0000000E+00  0.0000000E+00
  0.0000000E+00   1500.000    
   49.00000       1500.000    
  0.0000000E+00
  9.9999997E-06  0.0000000E+00   10000.00    
  0.0000000E+00  0.0000000E+00
  3.9999999E-02
   47.00000      0.0000000E+00  0.0000000E+00
  0.0000000E+00   1500.000    
   47.00000       1500.000    
  0.0000000E+00
  9.9999997E-06  0.0000000E+00   10000.00    
  0.0000000E+00  0.0000000E+00
  3.9999999E-02
   45.00000      0.0000000E+00  0.0000000E+00
  0.0000000E+00   1500.000    
   45.00000       1500.000    
  0.0000000E+00
  9.9999997E-06  0.0000000E+00   10000.00    
  0.0000000E+00  0.0000000E+00
  3.9999999E-02
   43.00000      0.0000000E+00  0.0000000E+00
  0.0000000E+00   1500.000    
   43.00000       1500.000    
  0.0000000E+00
  9.9999997E-06  0.0000000E+00   10000.00    
  0.0000000E+00  0.0000000E+00
  3.9999999E-02
   41.00000      0.0000000E+00  0.0000000E+00
  0.0000000E+00   1500.000    
   41.00000       1500.000    
  0.0000000E+00
  9.9999997E-06  0.0000000E+00   10000.00    
  0.0000000E+00  0.0000000E+00
  3.9999999E-02
   39.00000      0.0000000E+00  0.0000000E+00
  0.0000000E+00   1500.000    
   39.00000       1500.000    
  0.0000000E+00
  9.9999997E-06  0.0000000E+00   10000.00    
  0.0000000E+00  0.0000000E+00
  3.9999999E-02
   37.00000      0.0000000E+00  0.0000000E+00
  0.0000000E+00   1500.000    
   37.00000       1500.000    
  0.0000000E+00
  9.9999997E-06  0.0000000E+00   10000.00    
  0.0000000E+00  0.0000000E+00
  3.9999999E-02
   35.00000      0.0000000E+00  0.0000000E+00
  0.0000000E+00   1500.000    
   35.00000       1500.000    
  0.0000000E+00
  9.9999997E-06  0.0000000E+00   10000.00    
  0.0000000E+00  0.0000000E+00
  3.9999999E-02
   33.00000      0.0000000E+00  0.0000000E+00
  0.0000000E+00   1500.000    
   33.00000       1500.000    
  0.0000000E+00
  9.9999997E-06  0.0000000E+00   10000.00    
  0.0000000E+00  0.0000000E+00
TLRAN,COH,PLT,PLA
XAXIS 0. 4. 20. 1.
YAXIS 0. 50. 12.5 10.
0.01 3.35 0.01
100. 30.
@EOF
