CEAREX 61 O-camp airgun. 4 m rms. rd
1
33.
1,500
5,5
3
75.
2000.,4.,0.
0.0 1438
100.0 1441
150.0 1462
190.0 1465
300.0 1460
400.0 1460
2000.0 1489
0.
2.,.5,1600.
0.,0.
100.
1300.,4.,0.
0.0 1438
100.0 1441
150.0 1462
190.0 1465
300.0 1460
400.0 1460
1300.0 1476
0.
2.,.5,1600.
0.,0.
200.
2000.,4.,0.
0.0 1438
100.0 1441
150.0 1462
190.0 1465
300.0 1460
400.0 1460
2000.0 1489
0.
2.,.5,1600.
0.,0.
ANGLE,PLT
250.,250.,0.
30.,61.
PROFL,PLT
YAXIS 0.,2000.,12.5,500.
SAXIS 1400.,1500.,50.,25.
XAXIS 0.,300.,20.,100.
TLDEP,COH,PLT
YAXIS 0.,2000.,12.5,500.
250.,250.,0.
30.
TLRAN,COH,PLT
XAXIS 0.,300.,20.,50.
0.,300.,1.0
30.,61.
@EOF
