 PULSE RD.DAT, 5 identical regions
 1
 50
 1,500
 2,2
 5
  2.
 100.,0.,0.
   0.,1500.
 100.,1500.
   0.
   2.,  .5,   1600.
   0.,0.
  2.
 100.,0.,0.
   0.,1500.
 100.,1500.
   0.
   2.,  .5,   1600.
   0.,0.
  2.
 100.,0.,0.
   0.,1500.
 100.,1500.
   0.
   2.,  .5,   1600.
   0.,0.
  2.
 100.,0.,0.
   0.,1500.
 100.,1500.
   0.
   2.,  .5,   1600.
   0.,0.
  2.
 100.,0.,0.
   0.,1500.
 100.,1500.
   0.
   2.,  .5,   1600.
   0.,0.
TLRAN,COH,PLT
XAXIS 0.,10., 16., 2.5
YAXIS 40.,100.,12.,20.
0.  10.  0.05
30.  10.
30.  30.
30.  70.
PULSE
64   50.   56.25    0.0025
 2.5   7.5   2.5
 0.    70.   10.
30.
@EOF
