 SWRD.DAT,  (5,5)
1
100.
1,500
5,5
2
15.
100.,0.,0.
0.,1525.
20.,1530.
40.,1500.
100.,1502.
0.
2.,.5,1600.
0.,0.
50.
100.,.1,.25
0.,1530.
15.,1525.
25.,1525.
35.,1505.
45.,1500.
100.,1501.
10.,1.5,.15
0.,1550.
10.,1560.
2.,.5,1650.
1.,350.
PROFL,PLT
MODES,PLT
XAXIS -.2,.2,20.,.2
YAXIS 0.,110.,13.75,20.
ANGLE,PLT
20.,20.,0.
25.,50.
PHASE,PLT
20.,20.,0.
25.
TLRAN,COH,INC,PLT
XAXIS 0.,40.,20.,5.
0.,40.,.1
25.,50.
TLDEP,INC,COH,PLT
20.,20.,0.
25.
TLAVR,PLT,INC,COH
XAXIS 0.,40.,20.,5.
0.,40.,.5
25.
75.
CONDR,PLT,INC,COH
XAXIS 0.,40.,20.,5.
0.,40.,.5
50.,140.,5.
25.
@EOF
