 DWRD.DAT, (1.5,1)
1
10.
1,500
1.5,1
1.
500.
5000.,0.1,0.1
0.,1524.
440.,1522.
650.,1510.
825.,1496.
1000.,1490.
1500.,1492.
3500.,1520.
5000.,1545.
0.
1.,0.1,1545.
0.5,500.
ANGLE,PLT
100.,100.,0.
300.,500.
CONDR,COH,PLT
XAXIS 0.,150.,20.,25.
YAXIS 0.,5000.,12.5,1000.
0.,150.,2.0
75.,95.,5.
300.
PHASE,PLT
YAXIS 0.,5000.,12.5,1000.
100.,100.,0.
300.
TLAVR,PLT,COH
XAXIS 0.,150.,20.,25.
0.,150.,2.0
300.
TLDEP,COH,PLT
YAXIS 0.,5000.,12.5,1000.
100.,100.,0.
300.
TLRAN,COH,PLT
XAXIS 0.,150.,20.,25.
0.,150.,0.5
300.,500.
@EOF
