 DOWNSLOPE WEDGE, 12.7 degrees, IMPEDANCE MATCHING
 1
 100
 1   6   160
 10, 0
  100.0   0.   0.            0.         7       ! Reg   1
    0.    1500.
  100.    1500.
 3900.      2.0   0.500
    0.    1700.
 3900.    1700.
 2.0    0.500      1.0e10
 0.    0.
 1000.0   0.   0.            4.         0       ! Reg   2
    0.    1500.
 1000.    1500.
 3000.      2.0   0.500
    0.    1700.
 3000.    1700.
 2.0    0.500      1.0e10
 0.    0.
!OPTMZ
NMESH  1
PLANE
TLDEP,COH,PLT
XAXIS 10 60  16   10
YAXIS 0  1000  10  250
 4.  4.  0.
 50.
TLRAN,COH,PLT
XAXIS  0., 4., 16., 1.0
YAXIS 10   60  10  10
  0.   4.0  0.004
 50.  50.
