 WEDGE-SHAPED WAVEGUIDE
 1
 25.
 1    90   90
 100, 0
 200.  0.   0.    0.                     6         ! REG   1
   0.  1500.
 200.  1500.
 3800. 1.5  0.5
   0.  1700.
 3800. 1700.
 1.5  0.500     1.0E10
 0.  0.
   0.0   0.  0.     4.0                  0         !  REG  2
 4000.0   1.5  0.5
    0.    1700.
 4000.00  1700.
 1.5  0.500     1.0E10
 0.  0.
NMESH 1
OPTMZ
TLRAN,COH,PLT
XAXIS  0., 4., 12., 1.
YAXIS  40.  90.  7.5  10.
0.  4.  0.005
100.  30.
100. 150.
CONDR,COH,COL
XAXIS  0   4   16   1
YAXIS  0 300   10  50
ZAXIS 40  67    3
0   4  0.02
100
